0 Untitled
0 Name: excavator.ldr
0 Author: MLCad
0 Unofficial Model
0 ROTATION CENTER 0 0 0 1 "Custom" 
0 ROTATION CONFIG 0 0
1 14 30 24 0 0 0 -1 0 1 0 1 0 0 4081b.dat
1 14 30 16 0 0 0 -1 0 1 0 1 0 0 4073.dat
1 14 50 26 -12 0 0 -1 -1 0 0 0 1 0 4073.dat
1 14 50 26 -20 0 0 -1 -1 0 0 0 1 0 4073.dat
1 14 30 26 -20 0 0 -1 -1 0 0 0 1 0 4073.dat
1 14 50 26 12 0 0 1 -1 0 0 0 -1 0 4073.dat
1 14 50 26 20 0 0 1 -1 0 0 0 -1 0 4073.dat
1 14 30 26 20 0 0 1 -1 0 0 0 -1 0 4073.dat
1 14 60 0 0 0 0 -1 0 1 0 1 0 0 32028.dat
1 14 40 8 0 1 0 0 0 1 0 0 0 1 3021.dat
1 40 20 -8 -10 1 0 0 0 1 0 0 0 1 3024.dat
1 14 30 0 -10 1 0 0 0 1 0 0 0 1 3023.dat
1 40 20 -16 -10 1 0 0 0 1 0 0 0 1 3070b.dat
1 14 40 0 -10 0 0 -1 0 1 0 1 0 0 54200.dat
1 7 60 -8 -10 0 0 -1 0 1 0 1 0 0 4073.dat
1 7 50 -8 10 -1 0 0 0 1 0 0 0 -1 30244.dat
1 8 40 26 -25 0 0 -1 -1 0 0 0 1 0 32449.dat
1 8 40 26 25 0 0 -1 -1 0 0 0 1 0 32449.dat
1 14 30 0 10 -1 0 0 0 1 0 0 0 -1 30383.dat
1 7 -56 -13 10 0 -0.707107 -0.707107 0 -0.707107 0.707107 -1 0 0 54200.dat
1 14 -1 -29 10 0.707107 -0.707107 0 0.707107 0.707107 0 0 0 1 44302.dat
1 14 -48.841 -20.586 10 0.707107 -0.707107 0 -0.707107 -0.707107 0 0 0 -1 44302.dat
1 14 -6.284 -22.983 10 -0.707107 -0.707107 0 -0.707107 0.707107 0 0 0 -1 44301.dat
0
