0 Untitled
0 Name: haha.ldr
0 Author: MLCad
0 Unofficial Model
0 ROTATION CENTER 0 0 0 1 "Custom" 
0 ROTATION CONFIG 0 0
1 0 108 24 18 1 0 0 0 1 0 0 0 1 back.ldr
1 0 -71 24 -1497 -1 0 0 0 1 0 0 0 -1 back.ldr
1 0 -440 24 -350 0 0 -1 0 1 0 1 0 0 back.ldr
1 0 -440 24 -950 0 0 -1 0 1 0 1 0 0 back.ldr
1 0 476 24 -1129 0 0 1 0 1 0 -1 0 0 back.ldr
1 0 477 24 -529 0 0 1 0 1 0 -1 0 0 back.ldr
1 7 -369.272 -205 -108.586 0 -0.707107 -0.707107 -1 0 0 0 0.707107 -0.707107 32192.dat
1 7 -527.563 -205 -47.858 0 -0.707107 -0.707107 -1 0 0 0 0.707107 -0.707107 32192.dat
1 7 -311.716 -205 -51.716 0 0 -1 -1 0 0 0 1 0 32192.dat
1 7 -371.716 -205 105.284 0 0 -1 -1 0 0 0 1 0 32192.dat
1 7 -312 -205 105 1 0 0 0 0 1 0 -1 0 32073.dat
1 7 -528 -205 -108 0 1 0 0 0 1 1 0 0 32073.dat
1 7 -341 -205 -80 -0.707107 0 0.707107 0 1 0 -0.707107 0 -0.707107 32013.dat
1 7 349.728 -205 -51.586 0 0.707107 -0.707107 -1 0 0 0 0.707107 0.707107 32192.dat
1 7 406.598 -205 -109.142 0 1 0 -1 0 0 0 0 1 32192.dat
1 7 378.314 -205 -79.858 -0.707107 0 -0.707107 0 1 0 0.707107 0 -0.707107 32013.dat
1 7 -312.741 -205 -1427.06 0 -0.707107 0.707107 -1 0 0 0 -0.707107 -0.707107 32192.dat
1 7 -369.611 -205 -1369.5 0 -1 0 -1 0 0 0 0 -1 32192.dat
1 7 -341.327 -205 -1398.78 0.707107 0 0.707107 0 1 0 -0.707107 0 0.707107 32013.dat
1 7 405.259 -205 -1370.06 0 0.707107 0.707107 -1 0 0 0 -0.707107 0.707107 32192.dat
1 7 347.703 -205 -1426.93 0 0 1 -1 0 0 0 -1 0 32192.dat
1 7 376.987 -205 -1398.64 0.707107 0 -0.707107 0 1 0 0.707107 0 0.707107 32013.dat
1 7 -449.757 -205 29.2132 0.707107 0 -0.707107 0 1 0 0.707107 0 0.707107 3737.dat
0
