0 Untitled
0 Name: porsche 930.ldr
0 Author: MLCad
0 Unofficial Model
0 ROTATION CENTER 0 0 0 1 "Custom" 
0 ROTATION CONFIG 0 0
1 4 10 40 0 1 0 0 0 1 0 0 0 1 3031.dat
1 0 -40 40 -18 1 0 0 0 0 1 0 -1 0 32523.dat
1 0 -40 40 2 1 0 0 0 0 1 0 -1 0 32523.dat
1 0 -40 40 22 1 0 0 0 0 1 0 -1 0 32523.dat
1 0 -40 40 -38 1 0 0 0 0 1 0 -1 0 32523.dat
1 0 -40 40 -58 1 0 0 0 0 1 0 -1 0 32523.dat
1 0 -40 40 -18 1 0 0 0 0 1 0 -1 0 32523.dat
1 0 -40 40 -38 1 0 0 0 0 1 0 -1 0 32523.dat
1 0 -40 40 -58 1 0 0 0 0 1 0 -1 0 32523.dat
1 0 10 40 -110 1 0 0 0 1 0 0 0 1 2926.dat
1 4 10 32 30 0 0 1 0 1 0 -1 0 0 3021.dat
1 8 10 48 60 0 0 1 0 1 0 -1 0 0 3022.dat
1 8 10 56 40 0 0 1 0 1 0 -1 0 0 3022.dat
1 0 10 48 30 1 0 0 0 1 0 0 0 1 2436b.dat
1 4 -20 58 -8 0 0 -1 -1 0 0 0 1 0 3040b.dat
1 4 40 58 -8 0 0 1 1 0 0 0 1 0 3040b.dat
1 1 10 24 60 0 0 1 0 1 0 -1 0 0 87580.dat
1 0 10 16 90 0 0 1 0 1 0 -1 0 0 3710.dat
1 0 10 8 110 0 0 1 0 1 0 -1 0 0 3023.dat
1 4 10 24 120 -1 0 0 0 1 0 0 0 -1 3623.dat
1 7 10 0 120 -1 0 0 0 1 0 0 0 -1 3623.dat
1 0 -20 24 120 -1 0 0 0 1 0 0 0 -1 85984.dat
1 0 40 24 120 -1 0 0 0 1 0 0 0 -1 85984.dat
1 12 -30 24 120 -1 0 0 0 1 0 0 0 -1 6141.dat
1 12 50 24 120 -1 0 0 0 1 0 0 0 -1 6141.dat
1 7 10 -8 120 -1 0 0 0 1 0 0 0 -1 87079.dat
1 0 10 -32 23 1 0 0 0 1 0 0 0 1 45677.dat
1 0 41 -1 66 0 0 -1 0.5 0.866025 0 0.866025 -0.5 0 3623.dat
1 0 11 4 74.66 0 0 -1 0.5 0.866025 0 0.866025 -0.5 0 3022.dat
1 0 -9 2.072 87.32 -1 0 0 0 0.866025 -0.5 0 -0.5 -0.866025 2412b.dat
1 0 31 2.072 87.32 -1 0 0 0 0.866025 -0.5 0 -0.5 -0.866025 2412b.dat
1 0 31 -12.929 61.34 -1 0 0 0 0.866025 -0.5 0 -0.5 -0.866025 3068b.dat
1 0 -9 -12.929 61.34 -1 0 0 0 0.866025 -0.5 0 -0.5 -0.866025 3068b.dat
1 0 -20 -1 66 0 0 -1 0.5 0.866025 0 0.866025 -0.5 0 3623.dat
1 4 10 8 30.001 -1 0 0 0 1 0 0 0 -1 3937.dat
1 4 0 -12.414 46.272 1 0 0 0 0.866026 0.5 0 -0.5 0.866026 4070.dat
1 4 20 -12.414 46.272 1 0 0 0 0.866026 0.5 0 -0.5 0.866026 4070.dat
1 4 10 8.829 34.94 -1 0 0 0 0.866026 -0.5 0 -0.5 -0.866026 3938.dat
1 4 11 -18.556 14.698 -1 0 0 0 0.5 0.866026 0 0.866026 -0.5 3937.dat
1 4 11 -23.848 23.062 -1 0 0 0 1 0 0 0 -1 3938.dat
1 4 40 16 30 0 0 1 0 1 0 -1 0 0 3062b.dat
1 0 40 58 -88 0 0 -1 -1 0 0 0 1 0 3005.dat
1 8 10 58 -96 1 0 0 0 0 -1 0 1 0 3710.dat
1 8 10 58 -136 1 0 0 0 0 -1 0 1 0 3710.dat
1 0 20 58 -128 1 0 0 0 0 -1 0 1 0 2420.dat
1 0 0 58 -128 0 0 -1 -1 0 0 0 1 0 2420.dat
1 0 10 58 -144 -1 0 0 0 0 1 0 1 0 3666.dat
1 0 10 58 -120 -1 0 0 0 0 1 0 1 0 30414.dat
1 0 40 58 -176 0 0 -1 -1 0 0 0 1 0 6091.dat
1 0 40 38 -192 0 0 -1 -1 0 0 0 1 0 6091.dat
1 0 -20 38 -192 0 0 1 1 0 0 0 1 0 6091.dat
1 0 10 38 -192 1 0 0 0 0 -1 0 1 0 2431.dat
1 0 -20 58 -176 0 0 1 1 0 0 0 1 0 6091.dat
1 0 20 58 -88 -1 0 0 0 0 1 0 1 0 60476.dat
1 0 0 58 -88 -1 0 0 0 0 1 0 1 0 60476.dat
1 0 -20 58 -88 0 0 -1 -1 0 0 0 1 0 3005.dat
1 0 0 58 -176 0 0 -1 -1 0 0 0 1 0 2555.dat
1 0 20 58 -176 0 0 -1 -1 0 0 0 1 0 2555.dat
1 0 10 38 -184 1 0 0 0 0 -1 0 1 0 48336.dat
1 0 10 17.07 -95.728 1 0 0 0 -0.258819 -0.965926 0 0.965926 -0.258819 48336.dat
1 0 10 15 -88 1 0 0 0 -0.258819 -0.965926 0 0.965926 -0.258819 3710.dat
1 0 40 14.482 -76.068 1 0 0 0 -0.258819 -0.965926 0 0.965926 -0.258819 54200.dat
1 0 -20 14.482 -76.068 1 0 0 0 -0.258819 -0.965926 0 0.965926 -0.258819 54200.dat
1 0 10 23.282 -118.91 -1 0 0 0 -0.258819 0.965926 0 0.965926 0.258819 2877.dat
1 0 10 29.494 -132.092 1 0 0 0 -0.258819 -0.965926 0 0.965926 -0.258819 4865a.dat
1 4 -20 16 30 0 0 1 0 1 0 -1 0 0 3062b.dat
1 4 -20 8 40 0 0 1 0 1 0 -1 0 0 3069b.dat
1 4 40 8 40 0 0 1 0 1 0 -1 0 0 3069b.dat
1 0 -30 16 60 0 0 1 0 1 0 -1 0 0 50745.dat
1 0 -30 16 -110 0 0 1 0 1 0 -1 0 0 50745.dat
1 0 -40 8 -110 0 0 1 0 1 0 -1 0 0 3069b.dat
1 0 60 8 -110 0 0 1 0 1 0 -1 0 0 3069b.dat
1 0 -40 37 -150 -1 0 0 0 0 -1 0 -1 0 60483.dat
1 0 60 39 -150 -1 0 0 0 0 -1 0 -1 0 60483.dat
1 0 -40 18 -160 -1 0 0 0 0 -1 0 -1 0 6141.dat
1 0 -40 18 -140 1 0 0 0 0 -1 0 1 0 6141.dat
1 0 -40 21 32 1 0 0 0 0 -1 0 1 0 6141.dat
1 0 60 40 -18 1 0 0 0 0 1 0 -1 0 32523.dat
1 0 60 40 2 1 0 0 0 0 1 0 -1 0 32523.dat
1 0 60 40 22 1 0 0 0 0 1 0 -1 0 32523.dat
1 0 60 40 -38 1 0 0 0 0 1 0 -1 0 32523.dat
1 0 60 40 -58 1 0 0 0 0 1 0 -1 0 32523.dat
1 0 60 21 32 1 0 0 0 0 -1 0 1 0 6141.dat
1 0 10 42 -68 -1 0 0 0 0 -1 0 -1 0 3666.dat
1 0 59 22 -80 0 1 0 0 0 -1 -1 0 0 4081b.dat
1 0 -38 22 -80 0 -1 0 0 0 -1 1 0 0 4081b.dat
1 4 10 32 -60 -1 0 0 0 0 -1 0 -1 0 3020.dat
1 7 40 22 -52 -1 0 0 0 0 -1 0 -1 0 4073.dat
1 4 10 22 -52 -1 0 0 0 0 -1 0 -1 0 3794b.dat
1 4 -20 22 -52 -1 0 0 0 0 -1 0 -1 0 3070b.dat
1 4 10 22 -52 1 0 0 0 0 1 0 -1 0 54200.dat
1 0 60 18 -140 1 0 0 0 0 -1 0 1 0 6141.dat
1 7 -40 18 -168 -1 0 0 0 0 -1 0 -1 0 6141.dat
1 7 60 18 -168 -1 0 0 0 0 -1 0 -1 0 6141.dat
1 0 60 18 -160 -1 0 0 0 0 -1 0 -1 0 6141.dat
1 0 10 38 -152 -1 0 0 0 0 1 0 1 0 3937.dat
1 0 10 28 -144 -1 0 0 0 0.965926 0.258819 0 0.258819 -0.965926 6134.dat
1 0 10 19.78 -145.371 -1 0 0 0 0.965926 0.258819 0 0.258819 -0.965926 2431.dat
1 0 10 24.956 -164.69 -1 0 0 0 0.965926 0.258819 0 0.258819 -0.965926 2431.dat
1 0 50 16 60 0 0 -1 0 1 0 1 0 0 50745.dat
1 0 50 16 -110 0 0 -1 0 1 0 1 0 0 50745.dat
1 7 -10 40 60 -1 0 0 0 1 0 0 0 -1 4488.dat
1 0 -48 47 60 0 0 1 0 1 0 -1 0 0 60700.dat
1 7 -42 47 60 0 0 1 0 1 0 -1 0 0 6014.dat
1 0 68 47 60 0 0 -1 0 1 0 1 0 0 60700.dat
1 7 62 47 60 0 0 -1 0 1 0 1 0 0 6014.dat
1 0 -46 47 60 0 0 1 0 1 0 -1 0 0 60700.dat
1 7 -40 47 60 0 0 1 0 1 0 -1 0 0 6014.dat
1 0 -49 47 -110 0 0 1 0 1 0 -1 0 0 60700.dat
1 7 -43 47 -110 0 0 1 0 1 0 -1 0 0 6014.dat
1 0 69 47 -110 0 0 -1 0 1 0 1 0 0 60700.dat
1 7 63 47 -110 0 0 -1 0 1 0 1 0 0 6014.dat
1 0 -40 47 60 0 0 1 0 1 0 -1 0 0 60700.dat
1 7 -40 47 60 0 0 1 0 1 0 -1 0 0 6014.dat
1 7 30 40 60 1 0 0 0 1 0 0 0 1 4488.dat
1 0 -40 8 50 1 0 0 0 1 0 0 0 1 3070b.dat
1 0 60 8 50 1 0 0 0 1 0 0 0 1 3070b.dat
1 0 -40 16 70 0 0 1 0 1 0 -1 0 0 54200.dat
1 0 60 16 70 0 0 -1 0 1 0 1 0 0 54200.dat
1 0 -20 58 -168 -1 0 0 0 0 1 0 1 0 54200.dat
1 0 40 58 -168 -1 0 0 0 0 1 0 1 0 54200.dat
1 8 10 58 -168 -1 0 0 0 0 1 0 1 0 3700.dat
1 7 0 32 70 -1 0 0 0 1 0 0 0 -1 4081b.dat
1 0 28 44 130 0 -1 0 1 0 0 0 0 1 4081b.dat
1 0 -7 44 130 0 1 0 -1 0 0 0 0 1 4081b.dat
1 7 -6 56 110 -1 0 0 0 -1 0 0 0 1 4081b.dat
1 7 26 56 110 -1 0 0 0 -1 0 0 0 1 4081b.dat
1 7 20 32 70 -1 0 0 0 1 0 0 0 -1 4081b.dat
1 0 -35 54 90 0 1 0 0 0 1 1 0 0 2921.dat
1 0 55 54 90 0 -1 0 0 0 1 -1 0 0 2921.dat
1 15 -12 34 90 0 1 0 0 0 1 1 0 0 85861.dat
1 15 32 34 90 0 -1 0 0 0 1 -1 0 0 85861.dat
1 0 20 44 130 0 -1 0 0 0 1 -1 0 0 3024.dat
1 0 1 44 130 0 1 0 0 0 1 1 0 0 3024.dat
1 0 -39 44 110 0 1 0 1 0 0 0 0 -1 6091.dat
1 0 60 44 110 0 -1 0 -1 0 0 0 0 -1 6091.dat
1 0 -39 44 110 0 1 0 1 0 0 0 0 -1 3024.dat
1 0 60 44 110 0 -1 0 -1 0 0 0 0 -1 3024.dat
1 0 -38 44 110 0 1 0 1 0 0 0 0 -1 54200.dat
1 0 59 44 110 0 -1 0 -1 0 0 0 0 -1 54200.dat
1 0 53 15.84 94.794 0 -1 0 -0.258819 0 0.965926 -0.965926 0 -0.258819 54200.dat
1 0 54 15.84 94.794 0 -1 0 0.258819 0 -0.965926 0.965926 0 0.258819 4085a.dat
1 0 -33 15.84 94.794 0 1 0 0.258819 0 0.965926 0.965926 0 -0.258819 54200.dat
1 0 -34 15.84 94.794 0 1 0 -0.258819 0 -0.965926 -0.965926 0 0.258819 4085a.dat
1 0 42.232 -15.256 -47.921 0.183013 0.74501 0.641457 -0.683013 0.56565 -0.462097 -0.707107 -0.353553 0.612373 30377.dat
1 0 -20.579 -12.896 -47.185 0.183013 -0.74501 -0.641457 0.683013 0.56565 -0.462097 0.707107 -0.353553 0.612373 30377.dat
0
