0 Untitled
0 Name: tree1.ldr
0 Author: MLCad
0 Unofficial Model
0 ROTATION CENTER 0 0 0 1 "Custom" 
0 ROTATION CONFIG 0 0
1 0 -70 -56 0 0.866025 0 0.5 0 1 0 -0.5 0 0.866025 4733.dat
1 288 -70 -64 0 0.866025 0 0.5 0 1 0 -0.5 0 0.866025 3024.dat
1 288 -92.517 -16 13 0 0.866025 0.5 -1 0 0 0 -0.5 0.866025 3023.dat
1 288 -85.589 -16 9 0 0.866025 0.5 -1 0 0 0 -0.5 0.866025 3710.dat
1 288 -47.483 -16 -13 0 -0.866025 -0.5 -1 0 0 0 0.5 -0.866025 3023.dat
1 288 -54.411 -16 -9 0 -0.866025 -0.5 -1 0 0 0 0.5 -0.866025 3710.dat
1 288 -57 -16 22.517 0 -0.5 0.866025 -1 0 0 0 -0.866025 -0.5 3023.dat
1 288 -61 -16 15.589 0 -0.5 0.866025 -1 0 0 0 -0.866025 -0.5 3710.dat
1 288 -83 -16 -22.517 0 0.5 -0.866025 -1 0 0 0 0.866025 0.5 3023.dat
1 71 -70 -32 0 0 0.5 -0.866025 -1 0 0 0 0.866025 0.5 4274.dat
1 288 -79 -16 -15.589 0 0.5 -0.866025 -1 0 0 0 0.866025 0.5 3710.dat
1 70 -70 -32 0 0.866025 0 0.5 0 1 0 -0.5 0 0.866025 30374.dat
0
